5 1 6




              {}
              / \
            {5}  {}    - 5
            /\     
       {5, 1}  {5}



1 2

{}
{1}
{2}
{1, 2}
  

              {}
             /   \
           {}     {1}
          /  \    /  \
         {}  {2} {1}  {1, 2}


f(conjunto_ate_agora, i):
    f(sem inserir o i, i + 1)
    f(inserindo o i, i + 1)



f(valor, i):
    f(valor, i + 1)
    f(valor xor a[i], i + 1)


               ""
               0      1
              00 01  10 11












4
8 20 5 12

0 0     0
0 8     8
0 20    20
0 5     5
0 12    12

8 20    28
8 5     13
8 12    4

20 5    17
20 12   24

5 12    9

8 20 5    25
8 20 12   16
8 5 12    1
20 5 12   29

8 20 5 12   21


== 232


8 0     8
20 0    20
5 0     5
12 0    12

8 20    28
8 5     13
8 12    4

20 5    17
20 12   24

5 12    9

8 20 5    25
8 20 12   16
8 5 12    1
20 5 12   29

8 20 5 12 9




3
5 1 6


0 0
5 0   = 5
1 0   = 1
6 0   = 6

5 1   = 4
5 6   = 3

1 6   = 7

5 1 6 = 2





********

3
5 1 6


0 0
6 0
1 0
1 6
5 0
5 6
5 1
5 1 6
